n: 2140324650240744961264423072839333563008614715144755017797754920881418023447140136643345519095804679610992851872470914587687396261921557363047454770520805119056493106687691590019759405693457452230589325976697471681738069364894699871578494975937497937# norm 8.682226e-19 alpha -8.579293 e 1.939e-18 rroots 2
skew: 65916767.38
c0: 3173523767811864034448660721125921529107975704636740160
c1: -352715789847349253776461522519367952677500900736
c2: -67695972675816169807789389533909825279660
c3: 1330431520915892806434003673850422
c4: 316345805996221928737510484
c5: -1288745654147765
c6: 2640
Y0: -96563420462174987239051950404944710643113
Y1: 54205637069497298816177
type: gnfs